28
28
5
3
2
1
3
0
1
1
0
1
1
2
1
8
7
1
8
4
1
5
6
1
5
4
1
6
7
1
15
9
1
15
14
1
14
13
1
12
13
1
12
11
1
10
9
1
10
11
1
22
17
1
22
21
1
20
19
1
19
18
1
18
17
1
21
20
1
27
16
1
27
26
1
25
26
1
25
24
1
23
16
1
23
24
1
3.40282e+38
3.40282e+38
0
0
1
11.5292
0
2.7591
3.40282e+38
3.40282e+38
0
0
1
9.22051
0
-2.84597
3.40282e+38
3.40282e+38
0
0
0
19.8655
0
-4.27822
3.40282e+38
3.40282e+38
0
0
1
21.4845
0
3.20462
3.40282e+38
3.40282e+38
0
0
1
-25.7316
0
5.03115
3.40282e+38
3.40282e+38
0
0
0
-14.3127
0
0.756978
3.40282e+38
3.40282e+38
0
0
1
-5.73511
0
8.90192
3.40282e+38
3.40282e+38
0
0
0
-12.2509
0
15.6335
3.40282e+38
3.40282e+38
0
0
1
-22.0715
0
14.9824
3.40282e+38
3.40282e+38
0
0
0
-7.95069
0
-1.76402
3.40282e+38
3.40282e+38
0
0
0
-3.57075
0
-6.1538
3.40282e+38
3.40282e+38
0
0
1
-10.9868
0
-13.4005
3.40282e+38
3.40282e+38
0
0
1
-19.7313
0
-14.115
3.40282e+38
3.40282e+38
0
0
1
-28.4171
0
-9.80098
3.40282e+38
3.40282e+38
0
0
1
-21.5322
0
-5.09755
3.40282e+38
3.40282e+38
0
0
1
-13.8603
0
-6.88833
3.40282e+38
3.40282e+38
0
0
1
12.0382
0
-5.76814
3.40282e+38
3.40282e+38
0
0
0
21.5806
0
-11.0964
3.40282e+38
3.40282e+38
0
0
1
23.798
0
4.77912
3.40282e+38
3.40282e+38
0
0
1
27.6824
0
3.03871
3.40282e+38
3.40282e+38
0
0
0
27.498
0
-15.576
3.40282e+38
3.40282e+38
0
0
1
11.8146
0
-18.6467
3.40282e+38
3.40282e+38
0
0
1
11.1327
0
-11.461
3.40282e+38
3.40282e+38
0
0
1
4.26938
0
-5.97017
3.40282e+38
3.40282e+38
0
0
0
-0.855428
0
-9.97812
3.40282e+38
3.40282e+38
0
0
0
1.90303
0
-13.3276
3.40282e+38
3.40282e+38
0
0
0
7.14263
0
-13.8309
3.40282e+38
3.40282e+38
0
0
0
7.39853
0
-9.99629
15.3485
0
-0.365118
-14.8044
0
8.69014
-14.1111
0
-10.5303
24.7031
0
-13.3005
4.26667
0
-9.32183
