59
24
5
3
0
1
3
2
1
1
2
1
1
0
1
8
4
1
5
6
1
5
4
1
7
6
1
7
8
1
15
9
1
15
14
1
14
13
1
12
13
1
12
11
1
11
10
1
10
9
1
18
16
1
16
17
1
17
18
1
23
19
1
20
19
1
20
21
1
21
22
1
22
23
1
22
1
1
22
16
1
22
10
1
22
11
1
22
9
1
22
5
1
22
0
1
23
0
1
23
1
1
23
16
1
1
16
1
1
18
1
2
18
1
2
16
1
11
16
1
11
17
1
17
12
1
12
16
1
1
10
1
21
9
1
21
5
1
21
4
1
4
20
1
20
5
1
5
9
1
5
15
1
15
6
1
6
14
1
14
7
1
7
15
1
9
6
1
21
10
1
10
16
1
16
0
1
10
0
1
25.3334
1
24.3334
0
1
-4.9718
0
8.3689
23.5015
1
22.5015
0
0
1.17963
0
8.09243
3.40282e+38
3.40282e+38
12.5601
0
0
0.574219
0
17.2108
3.40282e+38
3.40282e+38
19.442
0
0
-5.38786
0
17.0787
3.40282e+38
3.40282e+38
8.2834
0
0
-3.14928
0
-16.6494
2.72732
2
0.727319
0
1
-0.438007
0
-12.158
9.02452
2
7.02452
0
0
4.65314
0
-10.8581
3.40282e+38
3.40282e+38
0
0
0
5.35444
0
-15.661
3.40282e+38
3.40282e+38
0
0
1
1.54197
-1.90735e-06
-20.0003
6.54886
1
5.54886
0
0
-0.294804
0
-7.38581
0
0
8.83884
0
1
-0.492949
0
-4.07724
20.1871
1
19.1871
0
1
6.14007
0
-0.18247
3.40282e+38
3.40282e+38
11.5826
0
1
11.8534
0
-2.1027
3.40282e+38
3.40282e+38
0
0
1
14.6074
0
-10.4719
3.40282e+38
3.40282e+38
0
0
1
10.0126
0
-11.305
16.6423
2
14.6423
0
1
6.72969
0
-5.31686
21.7658
1
20.7658
0
1
3.50378
0
4.0325
3.40282e+38
3.40282e+38
14.3034
0
1
11.2621
0
4.28235
3.40282e+38
3.40282e+38
13.3024
0
0
7.11426
0
13.1167
3.40282e+38
3.40282e+38
11.5323
0
1
-11.456
1.90735e-06
-2.29601
3.40282e+38
3.40282e+38
9.15711
0
1
-10.6531
0
-9.89222
7.84519
1
6.84519
0
1
-5.05599
0
-9.20347
18.5075
1
17.5075
0
1
-5.76095
0
0.75388
3.40282e+38
3.40282e+38
19.0099
0
0
-8.85547
0
1.49575
-2.34313
0
12.262
1.64734
0
-14.8669
7.76426
0
-3.70189
7.51554
0
7.71732
-8.22331
0
-3.32386
